@USE DB;

@INSERT INTO TBL4 VALUES (1, '3', 1.0), (5, '5', 3.0), (1, '1', 4.0);

@INSERT INTO TBL4 VALUES (2, '4', 4.0), (4, '1', 5.0), (1, '2', 2.0), (2, '4', 2.0), (5, '3', 5.0), (1, '5', 5.0);

@INSERT INTO TBL4 VALUES (5, '1', 3.0), (1, '4', 3.0), (2, '5', 2.0), (3, '1', 4.0), (2, '5', 2.0), (3, '2', 5.0), (2, '3', 5.0);

@INSERT INTO TBL4 VALUES (5, '1', 5.0), (1, '3', 4.0);

a,b,c
1,3,1.00
5,5,3.00
1,1,4.00
2,4,4.00
4,1,5.00
1,2,2.00
2,4,2.00
5,3,5.00
1,5,5.00
5,1,3.00
1,4,3.00
2,5,2.00
3,1,4.00
2,5,2.00
3,2,5.00
2,3,5.00
5,1,5.00
1,3,4.00
@SELECT * FROM TBL4;

@DELETE FROM TBL4 WHERE a = 1;

a,b,c
5,5,3.00
2,4,4.00
4,1,5.00
2,4,2.00
5,3,5.00
5,1,3.00
2,5,2.00
3,1,4.00
2,5,2.00
3,2,5.00
2,3,5.00
5,1,5.00
@SELECT * FROM TBL4;

@INSERT INTO TBL4 VALUES (1, '3', 1.0), (3, '3', 4.0), (5, '1', 1.0), (3, '3', 5.0), (1, '5', 4.0), (1, '3', 4.0), (1, '5', 2.0);

@INSERT INTO TBL4 VALUES (1, '5', 2.0), (5, '2', 4.0), (1, '4', 4.0), (5, '4', 1.0), (4, '1', 5.0), (5, '5', 1.0);

a,b,c
5,5,3.00
2,4,4.00
4,1,5.00
2,4,2.00
5,3,5.00
5,1,3.00
2,5,2.00
3,1,4.00
2,5,2.00
3,2,5.00
2,3,5.00
5,1,5.00
1,3,1.00
3,3,4.00
5,1,1.00
3,3,5.00
1,5,4.00
1,3,4.00
1,5,2.00
1,5,2.00
5,2,4.00
1,4,4.00
5,4,1.00
4,1,5.00
5,5,1.00
@SELECT * FROM TBL4;

@DELETE FROM TBL4 WHERE a = 3 and b = '3';

a,b,c
5,5,3.00
2,4,4.00
4,1,5.00
2,4,2.00
5,3,5.00
5,1,3.00
2,5,2.00
3,1,4.00
2,5,2.00
3,2,5.00
2,3,5.00
5,1,5.00
1,3,1.00
5,1,1.00
1,5,4.00
1,3,4.00
1,5,2.00
1,5,2.00
5,2,4.00
1,4,4.00
5,4,1.00
4,1,5.00
5,5,1.00
@SELECT * FROM TBL4;

@INSERT INTO TBL4 VALUES (1, '5', 4.0), (2, '4', 1.0), (5, '5', 2.0), (5, '1', 4.0), (4, '3', 4.0), (2, '2', 4.0);

@INSERT INTO TBL4 VALUES (3, '3', 5.0), (2, '4', 5.0);

a,b,c
5,5,3.00
2,4,4.00
4,1,5.00
2,4,2.00
5,3,5.00
5,1,3.00
2,5,2.00
3,1,4.00
2,5,2.00
3,2,5.00
2,3,5.00
5,1,5.00
1,3,1.00
5,1,1.00
1,5,4.00
1,3,4.00
1,5,2.00
1,5,2.00
5,2,4.00
1,4,4.00
5,4,1.00
4,1,5.00
5,5,1.00
1,5,4.00
2,4,1.00
5,5,2.00
5,1,4.00
4,3,4.00
2,2,4.00
3,3,5.00
2,4,5.00
@SELECT * FROM TBL4;

@DELETE FROM TBL4 WHERE b = '4' and c <= 2.0;

a,b,c
5,5,3.00
2,4,4.00
4,1,5.00
5,3,5.00
5,1,3.00
2,5,2.00
3,1,4.00
2,5,2.00
3,2,5.00
2,3,5.00
5,1,5.00
1,3,1.00
5,1,1.00
1,5,4.00
1,3,4.00
1,5,2.00
1,5,2.00
5,2,4.00
1,4,4.00
4,1,5.00
5,5,1.00
1,5,4.00
5,5,2.00
5,1,4.00
4,3,4.00
2,2,4.00
3,3,5.00
2,4,5.00
@SELECT * FROM TBL4;

@INSERT INTO TBL4 VALUES (2, '5', 2.0), (2, '2', 1.0), (1, '3', 2.0);

@INSERT INTO TBL4 VALUES (2, '3', 5.0), (3, '4', 1.0), (3, '3', 4.0), (4, '4', 1.0);

a,b,c
5,5,3.00
2,4,4.00
4,1,5.00
5,3,5.00
5,1,3.00
2,5,2.00
3,1,4.00
2,5,2.00
3,2,5.00
2,3,5.00
5,1,5.00
1,3,1.00
5,1,1.00
1,5,4.00
1,3,4.00
1,5,2.00
1,5,2.00
5,2,4.00
1,4,4.00
4,1,5.00
5,5,1.00
1,5,4.00
5,5,2.00
5,1,4.00
4,3,4.00
2,2,4.00
3,3,5.00
2,4,5.00
2,5,2.00
2,2,1.00
1,3,2.00
2,3,5.00
3,4,1.00
3,3,4.00
4,4,1.00
@SELECT * FROM TBL4;

@DELETE FROM TBL4 WHERE b < '2' and c > 3.0;

a,b,c
5,5,3.00
2,4,4.00
5,3,5.00
5,1,3.00
2,5,2.00
2,5,2.00
3,2,5.00
2,3,5.00
1,3,1.00
5,1,1.00
1,5,4.00
1,3,4.00
1,5,2.00
1,5,2.00
5,2,4.00
1,4,4.00
5,5,1.00
1,5,4.00
5,5,2.00
4,3,4.00
2,2,4.00
3,3,5.00
2,4,5.00
2,5,2.00
2,2,1.00
1,3,2.00
2,3,5.00
3,4,1.00
3,3,4.00
4,4,1.00
@SELECT * FROM TBL4;

