@USE DB;

@INSERT INTO TBL2 VALUES (697343901, '697343901', 697343901.0), (344283427, '344283427', 344283427.0), (1087340955, '1087340955', 1087340955.0), (1498336529, '1498336529', 1498336529.0), (477890433, '477890433', 477890433.0), (2034696316, '2034696316', 2034696316.0), (1877337388, '1877337388', 1877337388.0), (389948945, '389948945', 389948945.0), (1953674608, '1953674608', 1953674608.0), (490477005, '490477005', 490477005.0);

a,b,c
697343901,697343901,697343901.00
344283427,344283427,344283427.00
1087340955,1087340955,1087340955.00
1498336529,1498336529,1498336529.00
477890433,477890433,477890433.00
2034696316,2034696316,2034696316.00
1877337388,1877337388,1877337388.00
389948945,389948945,389948945.00
1953674608,1953674608,1953674608.00
490477005,490477005,490477005.00
@SELECT * FROM TBL2;

@INSERT INTO TBL2 VALUES (1259036334, '1259036334', 1259036334.0);

@INSERT INTO TBL2 VALUES (555933266, '555933266', 555933266.0), (1198864766, '1198864766', 1198864766.0);

a,b,c
697343901,697343901,697343901.00
344283427,344283427,344283427.00
1087340955,1087340955,1087340955.00
1498336529,1498336529,1498336529.00
477890433,477890433,477890433.00
2034696316,2034696316,2034696316.00
1877337388,1877337388,1877337388.00
389948945,389948945,389948945.00
1953674608,1953674608,1953674608.00
490477005,490477005,490477005.00
1259036334,1259036334,1259036334.00
555933266,555933266,555933266.00
1198864766,1198864766,1198864766.00
@SELECT a, b, c FROM TBL2;

@INSERT INTO TBL2 VALUES (144487922, '144487922', 144487922.0), (284091002, '284091002', 284091002.0), (701315999, '701315999', 701315999.0), (972626580, '972626580', 972626580.0), (1929831165, '1929831165', 1929831165.0), (1197619510, '1197619510', 1197619510.0), (831216442, '831216442', 831216442.0), (2103683579, '2103683579', 2103683579.0);

@INSERT INTO TBL2 VALUES (619300098, '619300098', 619300098.0);

c,b,a
697343901.00,697343901,697343901
344283427.00,344283427,344283427
1087340955.00,1087340955,1087340955
1498336529.00,1498336529,1498336529
477890433.00,477890433,477890433
2034696316.00,2034696316,2034696316
1877337388.00,1877337388,1877337388
389948945.00,389948945,389948945
1953674608.00,1953674608,1953674608
490477005.00,490477005,490477005
1259036334.00,1259036334,1259036334
555933266.00,555933266,555933266
1198864766.00,1198864766,1198864766
144487922.00,144487922,144487922
284091002.00,284091002,284091002
701315999.00,701315999,701315999
972626580.00,972626580,972626580
1929831165.00,1929831165,1929831165
1197619510.00,1197619510,1197619510
831216442.00,831216442,831216442
2103683579.00,2103683579,2103683579
619300098.00,619300098,619300098
@SELECT c, b, a FROM TBL2;

@INSERT INTO TBL2 VALUES (954251939, '954251939', 954251939.0), (686305150, '686305150', 686305150.0), (635260078, '635260078', 635260078.0);

b,c
697343901,697343901.00
344283427,344283427.00
1087340955,1087340955.00
1498336529,1498336529.00
477890433,477890433.00
2034696316,2034696316.00
1877337388,1877337388.00
389948945,389948945.00
1953674608,1953674608.00
490477005,490477005.00
1259036334,1259036334.00
555933266,555933266.00
1198864766,1198864766.00
144487922,144487922.00
284091002,284091002.00
701315999,701315999.00
972626580,972626580.00
1929831165,1929831165.00
1197619510,1197619510.00
831216442,831216442.00
2103683579,2103683579.00
619300098,619300098.00
954251939,954251939.00
686305150,686305150.00
635260078,635260078.00
@SELECT b, c FROM TBL2;

@INSERT INTO TBL2 VALUES (1027146003, '1027146003', 1027146003.0), (658947828, '658947828', 658947828.0), (877079400, '877079400', 877079400.0), (374400349, '374400349', 374400349.0), (1678533540, '1678533540', 1678533540.0), (106776217, '106776217', 106776217.0), (641930087, '641930087', 641930087.0), (822901073, '822901073', 822901073.0), (1368016979, '1368016979', 1368016979.0);

@INSERT INTO TBL2 VALUES (698840897, '698840897', 698840897.0), (1374382736, '1374382736', 1374382736.0), (2095680357, '2095680357', 2095680357.0), (676779605, '676779605', 676779605.0);

c
697343901.00
344283427.00
1087340955.00
1498336529.00
477890433.00
2034696316.00
1877337388.00
389948945.00
1953674608.00
490477005.00
1259036334.00
555933266.00
1198864766.00
144487922.00
284091002.00
701315999.00
972626580.00
1929831165.00
1197619510.00
831216442.00
2103683579.00
619300098.00
954251939.00
686305150.00
635260078.00
1027146003.00
658947828.00
877079400.00
374400349.00
1678533540.00
106776217.00
641930087.00
822901073.00
1368016979.00
698840897.00
1374382736.00
2095680357.00
676779605.00
@SELECT c FROM TBL2;

@INSERT INTO TBL2 VALUES (1534969924, '1534969924', 1534969924.0);

@INSERT INTO TBL2 VALUES (574150823, '574150823', 574150823.0);

a,b,c
697343901,697343901,697343901.00
344283427,344283427,344283427.00
1087340955,1087340955,1087340955.00
1498336529,1498336529,1498336529.00
477890433,477890433,477890433.00
2034696316,2034696316,2034696316.00
1877337388,1877337388,1877337388.00
389948945,389948945,389948945.00
1953674608,1953674608,1953674608.00
490477005,490477005,490477005.00
1259036334,1259036334,1259036334.00
555933266,555933266,555933266.00
1198864766,1198864766,1198864766.00
144487922,144487922,144487922.00
284091002,284091002,284091002.00
701315999,701315999,701315999.00
972626580,972626580,972626580.00
1929831165,1929831165,1929831165.00
1197619510,1197619510,1197619510.00
831216442,831216442,831216442.00
2103683579,2103683579,2103683579.00
619300098,619300098,619300098.00
954251939,954251939,954251939.00
686305150,686305150,686305150.00
635260078,635260078,635260078.00
1027146003,1027146003,1027146003.00
658947828,658947828,658947828.00
877079400,877079400,877079400.00
374400349,374400349,374400349.00
1678533540,1678533540,1678533540.00
106776217,106776217,106776217.00
641930087,641930087,641930087.00
822901073,822901073,822901073.00
1368016979,1368016979,1368016979.00
698840897,698840897,698840897.00
1374382736,1374382736,1374382736.00
2095680357,2095680357,2095680357.00
676779605,676779605,676779605.00
1534969924,1534969924,1534969924.00
574150823,574150823,574150823.00
@SELECT * FROM TBL2;

